4168392508582203044001852886016018114272433321800174015703611555
0150011101880130009806730408063207710585019100920622015805370142
5785517413043369389101310141578155434919047865850116052006730112
5900017357110236292001773585473521352122520902655889023346395572
0861051109070138098101680889098609800471010701300596074402510123
2196018812450145166924440656023418520610050321800551224106430175
2051151817440233215501390658015911780821016705460126097401361946
0161143833174996433621700130498733230178017448303737461126552743
3990019001921630162302031139220739941693146818290164439138673036
0116166817780069009907610201201308371225041901201920195001211831
0107100600920807188014200036181910391987011420281771002500850430
5295120402420479027328683453609553246047514302933288303701840987
0295198801972120019918560181023205641914169102101527173115750031
0191005307140745008908990854067900450081072608010072033800950417
0219393366262137322216375312023858950222015466490169643834354183
0037106901661037017202581071009004971219014512060143015310670510
